Techniques=ColorExpand@ColorExpand.fx,EdgeDetectNV@EdgeDetectNV.fx,ColorCollapse@ColorCollapse.fx
TechniqueSorting=ColorExpand@ColorExpand.fx,EdgeDetectNV@EdgeDetectNV.fx,ColorCollapse@ColorCollapse.fx

[EdgeDetectNV.fx]
amount=0.832215
clip=0.078600,1.000000
depthAmount=0.664429
depthKnee=0.194600
highlight=0.000000,1.000000,0.660700
normalAmount=0.013423
normalKnee=0.241700
shadow=0.031800,0.391000,1.000000
spread=0.000436,0.000517
spreadKnee=7.980000
threshold=0.000000
